[2019-08-27, 1182.400024, 1161.449951, 1180.530029, 1167.839966]
[2019-08-28, 1176.420044, 1157.300049, 1161.709961, 1171.020020]
[2019-08-29, 1196.060059, 1181.119995, 1181.119995, 1192.849976]
[2019-08-30, 1198.500000, 1183.802979, 1198.500000, 1188.099976]
[2019-09-03, 1186.890015, 1163.199951, 1177.030029, 1168.390015]
[2019-09-04, 1183.479980, 1171.000000, 1176.709961, 1181.410034]
[2019-09-05, 1213.040039, 1191.530029, 1191.530029, 1211.380005]
[2019-09-06, 1212.015015, 1202.521973, 1208.130005, 1204.930054]
[2019-09-09, 1220.000000, 1192.619995, 1204.000000, 1204.410034]
[2019-09-10, 1210.000000, 1194.579956, 1195.150024, 1206.000000]
[2019-09-11, 1222.599976, 1202.199951, 1203.410034, 1220.170044]
[2019-09-12, 1241.859985, 1223.020020, 1224.300049, 1234.250000]
[2019-09-13, 1240.880005, 1227.010010, 1231.349976, 1239.560059]
[2019-09-16, 1239.560059, 1225.609985, 1229.520020, 1231.300049]
[2019-09-17, 1235.000000, 1223.689941, 1230.400024, 1229.150024]
[2019-09-18, 1235.609985, 1216.530029, 1227.510010, 1232.410034]
[2019-09-19, 1244.439941, 1232.020020, 1232.060059, 1238.709961]
[2019-09-20, 1243.319946, 1223.079956, 1233.119995, 1229.930054]
[2019-09-23, 1239.089966, 1224.170044, 1226.000000, 1234.030029]
[2019-09-24, 1246.739990, 1210.680054, 1240.000000, 1218.760010]
[2019-09-25, 1248.300049, 1210.089966, 1215.819946, 1246.520020]
[2019-09-26, 1245.000000, 1232.267944, 1241.959961, 1241.390015]
[2019-09-27, 1244.020020, 1214.449951, 1243.010010, 1225.089966]
[2019-09-30, 1226.000000, 1212.300049, 1220.969971, 1219.000000]
[2019-10-01, 1231.229980, 1203.579956, 1219.000000, 1205.099976]
[2019-10-02, 1196.979980, 1171.290039, 1196.979980, 1176.630005]
[2019-10-03, 1189.060059, 1162.430054, 1180.000000, 1187.829956]
[2019-10-04, 1211.439941, 1189.170044, 1191.890015, 1209.000000]
[2019-10-07, 1218.203979, 1203.750000, 1204.400024, 1207.680054]
[2019-10-08, 1206.079956, 1189.010010, 1197.589966, 1189.130005]
[2019-10-09, 1208.349976, 1197.630005, 1199.349976, 1202.310059]
[2019-10-10, 1215.000000, 1197.339966, 1198.579956, 1208.670044]
[2019-10-11, 1228.390015, 1213.739990, 1222.209961, 1215.449951]
[2019-10-14, 1226.329956, 1211.760010, 1212.339966, 1217.140015]
[2019-10-15, 1247.329956, 1220.400024, 1220.400024, 1243.010010]
[2019-10-16, 1254.739990, 1238.449951, 1241.170044, 1243.640015]
[2019-10-17, 1263.324951, 1249.939941, 1250.930054, 1253.069946]
[2019-10-18, 1258.890015, 1241.079956, 1253.459961, 1245.489990]
[2019-10-21, 1254.629028, 1240.599976, 1252.260010, 1246.150024]
[2019-10-22, 1250.599976, 1241.380005, 1247.849976, 1242.800049]
[2019-10-23, 1259.890015, 1242.359985, 1242.359985, 1259.130005]
[2019-10-24, 1264.000000, 1253.714966, 1260.900024, 1260.989990]
[2019-10-25, 1269.599976, 1250.010010, 1251.030029, 1265.130005]
[2019-10-28, 1299.310059, 1272.540039, 1275.449951, 1290.000000]
[2019-10-29, 1281.589966, 1257.212036, 1276.229980, 1262.619995]
[2019-10-30, 1269.359985, 1252.000000, 1252.969971, 1261.290039]
[2019-10-31, 1267.670044, 1250.843018, 1261.280029, 1260.109985]
[2019-11-01, 1274.619995, 1260.500000, 1265.000000, 1273.739990]
[2019-11-04, 1294.130005, 1276.354980, 1276.449951, 1291.369995]
[2019-11-05, 1298.930054, 1291.229004, 1292.890015, 1292.030029]
[2019-11-06, 1293.729980, 1282.500000, 1289.459961, 1291.800049]
[2019-11-07, 1323.739990, 1294.244995, 1294.280029, 1308.859985]
[2019-11-08, 1318.000000, 1304.364990, 1305.280029, 1311.369995]
[2019-11-11, 1306.425049, 1297.410034, 1303.180054, 1299.189941]
[2019-11-12, 1310.000000, 1295.770020, 1300.000000, 1298.800049]
[2019-11-13, 1304.300049, 1293.510010, 1294.069946, 1298.000000]
[2019-11-14, 1317.000000, 1295.650024, 1297.500000, 1311.459961]
[2019-11-15, 1334.880005, 1314.280029, 1318.939941, 1334.869995]
[2019-11-18, 1335.529053, 1317.500000, 1332.219971, 1320.699951]
[2019-11-19, 1327.699951, 1312.800049, 1327.699951, 1315.459961]
[2019-11-20, 1315.000000, 1291.150024, 1311.739990, 1303.050049]
[2019-11-21, 1312.589966, 1293.000000, 1301.479980, 1301.349976]
[2019-11-22, 1308.729980, 1291.410034, 1305.619995, 1295.339966]
[2019-11-25, 1311.310059, 1298.130005, 1299.180054, 1306.689941]
[2019-11-26, 1314.800049, 1305.089966, 1309.859985, 1313.550049]
[2019-11-27, 1318.359985, 1309.630005, 1315.000000, 1312.989990]
[2019-11-29, 1310.204956, 1303.969971, 1307.119995, 1304.959961]
[2019-12-02, 1305.829956, 1281.000000, 1301.000000, 1289.920044]
[2019-12-03, 1298.461060, 1279.000000, 1279.569946, 1295.280029]
[2019-12-04, 1325.800049, 1304.869995, 1307.010010, 1320.540039]
[2019-12-05, 1329.358032, 1316.439941, 1328.000000, 1328.130005]
[2019-12-06, 1344.000000, 1333.439941, 1333.439941, 1340.619995]
[2019-12-09, 1359.449951, 1337.839966, 1338.040039, 1343.560059]
[2019-12-10, 1349.974976, 1336.040039, 1341.500000, 1344.660034]
[2019-12-11, 1351.199951, 1342.670044, 1350.839966, 1345.020020]
[2019-12-12, 1355.775024, 1340.500000, 1345.939941, 1350.270020]
[2019-12-13, 1353.093018, 1343.869995, 1347.949951, 1347.829956]
[2019-12-16, 1364.680054, 1352.670044, 1356.500000, 1361.170044]
[2019-12-17, 1365.000000, 1351.322998, 1362.890015, 1355.119995]
[2019-12-18, 1360.469971, 1351.000000, 1356.599976, 1352.619995]
[2019-12-19, 1358.099976, 1348.984985, 1351.819946, 1356.040039]
[2019-12-20, 1363.640015, 1349.000000, 1363.349976, 1349.589966]
[2019-12-23, 1359.800049, 1346.510010, 1355.869995, 1348.839966]
[2019-12-24, 1350.260010, 1342.780029, 1348.500000, 1343.560059]
[2019-12-26, 1361.327026, 1344.469971, 1346.170044, 1360.400024]
[2019-12-27, 1364.530029, 1349.310059, 1362.989990, 1351.890015]
[2019-12-30, 1353.000000, 1334.020020, 1350.000000, 1336.140015]
[2019-12-31, 1338.000000, 1329.084961, 1330.109985, 1337.020020]
[2020-01-02, 1368.140015, 1341.550049, 1341.550049, 1367.369995]
[2020-01-03, 1372.500000, 1345.543945, 1347.859985, 1360.660034]
[2020-01-06, 1396.500000, 1350.000000, 1350.000000, 1394.209961]
[2020-01-07, 1402.989990, 1390.380005, 1397.939941, 1393.339966]
[2020-01-08, 1411.579956, 1390.839966, 1392.079956, 1404.319946]
[2020-01-09, 1427.329956, 1410.270020, 1420.569946, 1419.829956]
[2020-01-10, 1434.928955, 1418.349976, 1427.560059, 1429.729980]
[2020-01-13, 1440.520020, 1426.020020, 1436.130005, 1439.229980]
[2020-01-14, 1441.800049, 1428.369995, 1439.010010, 1430.880005]
[2020-01-15, 1441.395020, 1430.209961, 1430.209961, 1439.199951]
[2020-01-16, 1451.989990, 1440.920044, 1447.439941, 1451.699951]
[2020-01-17, 1481.295044, 1458.219971, 1462.910034, 1480.390015]
[2020-01-21, 1491.849976, 1471.199951, 1479.119995, 1484.400024]
[2020-01-22, 1503.213989, 1484.930054, 1491.000000, 1485.949951]
[2020-01-23, 1495.520020, 1482.099976, 1487.640015, 1486.650024]
[2020-01-24, 1495.494995, 1465.250000, 1493.589966, 1466.709961]
[2020-01-27, 1438.069946, 1421.199951, 1431.000000, 1433.900024]
[2020-01-28, 1456.000000, 1432.469971, 1443.000000, 1452.560059]
[2020-01-29, 1465.430054, 1446.739990, 1458.800049, 1458.630005]
[2020-01-30, 1457.280029, 1436.400024, 1439.959961, 1455.839966]
[2020-01-31, 1470.130005, 1428.530029, 1468.900024, 1434.229980]
[2020-02-03, 1490.000000, 1458.989990, 1462.000000, 1485.939941]
[2020-02-04, 1469.500000, 1426.300049, 1457.069946, 1447.069946]
[2020-02-05, 1463.839966, 1430.560059, 1462.420044, 1448.229980]
[2020-02-06, 1482.000000, 1449.569946, 1450.329956, 1476.229980]
[2020-02-07, 1485.839966, 1466.349976, 1467.300049, 1479.229980]
[2020-02-10, 1509.500000, 1474.319946, 1474.319946, 1508.680054]
[2020-02-11, 1529.630005, 1505.637939, 1511.810059, 1508.790039]
[2020-02-12, 1520.694946, 1508.109985, 1514.479980, 1518.270020]
[2020-02-13, 1527.180054, 1504.599976, 1512.689941, 1514.660034]
[2020-02-14, 1520.739990, 1507.339966, 1515.599976, 1520.739990]
[2020-02-18, 1531.630005, 1512.589966, 1515.000000, 1519.670044]
[2020-02-19, 1532.105957, 1521.400024, 1525.069946, 1526.689941]
[2020-02-20, 1529.640015, 1506.819946, 1522.000000, 1518.150024]
[2020-02-21, 1512.214966, 1480.439941, 1508.030029, 1485.109985]
[2020-02-24, 1436.969971, 1411.390015, 1426.109985, 1421.589966]
[2020-02-25, 1438.140015, 1382.400024, 1433.000000, 1388.449951]
[2020-02-26, 1415.699951, 1379.000000, 1396.140015, 1393.180054]
[2020-02-27, 1371.703979, 1317.170044, 1362.060059, 1318.089966]
[2020-02-28, 1341.140015, 1271.000000, 1277.500000, 1339.329956]
[2020-03-02, 1390.869995, 1326.814941, 1351.609985, 1389.109985]
[2020-03-03, 1410.150024, 1332.000000, 1399.420044, 1341.390015]
[2020-03-04, 1388.089966, 1343.109985, 1359.229980, 1386.520020]
[2020-03-05, 1358.910034, 1305.099976, 1350.199951, 1319.040039]
[2020-03-06, 1306.219971, 1261.050049, 1277.060059, 1298.410034]
[2020-03-09, 1254.760010, 1200.000000, 1205.300049, 1215.560059]
[2020-03-10, 1281.150024, 1218.770020, 1260.000000, 1280.390015]
[2020-03-11, 1260.959961, 1196.069946, 1249.699951, 1215.410034]
[2020-03-12, 1193.869995, 1113.300049, 1126.000000, 1114.910034]
[2020-03-13, 1219.760010, 1117.142944, 1179.000000, 1219.729980]
[2020-03-16, 1152.266968, 1074.439941, 1096.000000, 1084.329956]
[2020-03-17, 1130.859985, 1056.010010, 1093.109985, 1119.800049]
[2020-03-18, 1106.500000, 1037.280029, 1056.510010, 1096.800049]
[2020-03-19, 1157.969971, 1060.108032, 1093.050049, 1115.290039]
[2020-03-20, 1143.989990, 1065.489990, 1135.719971, 1072.319946]
[2020-03-23, 1071.319946, 1013.536011, 1061.319946, 1056.619995]
[2020-03-24, 1135.000000, 1090.619995, 1103.770020, 1134.459961]
[2020-03-25, 1148.900024, 1086.010010, 1126.469971, 1102.489990]
[2020-03-26, 1169.969971, 1093.530029, 1111.800049, 1161.750000]
[2020-03-27, 1150.670044, 1105.910034, 1125.670044, 1110.709961]
[2020-03-30, 1151.630005, 1096.479980, 1125.040039, 1146.819946]
[2020-03-31, 1175.310059, 1138.140015, 1147.300049, 1162.810059]
[2020-04-01, 1129.689941, 1097.449951, 1122.000000, 1105.619995]
[2020-04-02, 1126.859985, 1096.400024, 1098.260010, 1120.839966]
[2020-04-03, 1123.540039, 1079.810059, 1119.015015, 1097.880005]
[2020-04-06, 1194.660034, 1130.939941, 1138.000000, 1186.920044]
[2020-04-07, 1225.000000, 1182.229980, 1221.000000, 1186.510010]
[2020-04-08, 1219.069946, 1188.160034, 1206.500000, 1210.280029]
[2020-04-09, 1225.569946, 1196.734985, 1224.079956, 1211.449951]
[2020-04-13, 1220.510010, 1187.598022, 1209.180054, 1217.560059]
[2020-04-14, 1282.069946, 1236.930054, 1245.089966, 1269.229980]
[2020-04-15, 1280.459961, 1240.400024, 1245.609985, 1262.469971]
[2020-04-16, 1279.000000, 1242.619995, 1274.099976, 1263.469971]
[2020-04-17, 1294.430054, 1271.229980, 1284.849976, 1283.250000]
[2020-04-20, 1281.599976, 1261.369995, 1271.000000, 1266.609985]
[2020-04-21, 1254.270020, 1209.709961, 1247.000000, 1216.339966]
[2020-04-22, 1285.613037, 1242.000000, 1245.540039, 1263.209961]
[2020-04-23, 1293.310059, 1265.670044, 1271.550049, 1276.310059]
[2020-04-24, 1280.400024, 1249.449951, 1261.170044, 1279.310059]
[2020-04-27, 1296.150024, 1269.000000, 1296.000000, 1275.880005]
[2020-04-28, 1288.050049, 1232.199951, 1287.930054, 1233.670044]
[2020-04-29, 1359.989990, 1325.339966, 1341.459961, 1341.479980]
[2020-04-30, 1352.819946, 1322.489990, 1324.880005, 1348.660034]
[2020-05-01, 1352.069946, 1311.000000, 1328.500000, 1320.609985]
[2020-05-04, 1327.660034, 1299.000000, 1308.229980, 1326.800049]
[2020-05-05, 1373.939941, 1337.459961, 1337.920044, 1351.109985]
[2020-05-06, 1371.119995, 1347.290039, 1361.689941, 1347.300049]
[2020-05-07, 1377.599976, 1355.270020, 1365.939941, 1372.560059]
[2020-05-08, 1398.760010, 1375.479980, 1383.130005, 1388.369995]
[2020-05-11, 1416.530029, 1377.151978, 1378.280029, 1403.260010]
[2020-05-12, 1415.000000, 1374.770020, 1407.119995, 1375.739990]
[2020-05-13, 1385.482056, 1328.400024, 1377.050049, 1349.329956]
[2020-05-14, 1357.420044, 1323.910034, 1335.020020, 1356.130005]
[2020-05-15, 1374.479980, 1339.000000, 1350.000000, 1373.189941]
[2020-05-18, 1392.324951, 1354.250000, 1361.750000, 1383.939941]
[2020-05-19, 1392.000000, 1373.484985, 1386.996948, 1373.484985]
[2020-05-20, 1410.420044, 1387.250000, 1389.579956, 1406.719971]
[2020-05-21, 1415.489990, 1393.449951, 1408.000000, 1402.800049]
[2020-05-22, 1412.760010, 1391.829956, 1396.709961, 1410.420044]
[2020-05-26, 1441.000000, 1412.130005, 1437.270020, 1417.020020]
[2020-05-27, 1421.739990, 1391.290039, 1417.250000, 1417.839966]
[2020-05-28, 1440.839966, 1396.000000, 1396.859985, 1416.729980]
[2020-05-29, 1432.569946, 1413.349976, 1416.939941, 1428.920044]
[2020-06-01, 1437.959961, 1418.000000, 1418.390015, 1431.819946]
[2020-06-02, 1439.609985, 1418.829956, 1430.550049, 1439.219971]
[2020-06-03, 1446.552002, 1429.776978, 1438.300049, 1436.380005]
[2020-06-04, 1438.959961, 1404.729980, 1430.400024, 1412.180054]
[2020-06-05, 1445.050049, 1406.000000, 1413.170044, 1438.390015]
[2020-06-08, 1447.989990, 1422.339966, 1422.339966, 1446.609985]
[2020-06-09, 1468.000000, 1443.209961, 1445.359985, 1456.160034]
[2020-06-10, 1474.259033, 1456.270020, 1459.540039, 1465.849976]
[2020-06-11, 1454.474976, 1402.000000, 1442.479980, 1403.839966]
[2020-06-12, 1437.000000, 1386.020020, 1428.489990, 1413.180054]
[2020-06-15, 1424.800049, 1387.920044, 1390.800049, 1419.849976]
[2020-06-16, 1455.020020, 1425.900024, 1445.219971, 1442.719971]
[2020-06-17, 1460.000000, 1431.380005, 1447.160034, 1451.119995]
[2020-06-18, 1451.410034, 1427.010010, 1449.160034, 1435.959961]
[2020-06-19, 1447.800049, 1421.349976, 1444.000000, 1431.719971]
[2020-06-22, 1452.750000, 1423.209961, 1429.000000, 1451.859985]
[2020-06-23, 1475.941040, 1445.239990, 1455.640015, 1464.410034]
[2020-06-24, 1475.420044, 1429.750000, 1461.510010, 1431.969971]
[2020-06-25, 1442.900024, 1420.000000, 1429.900024, 1441.329956]
[2020-06-26, 1433.449951, 1351.989990, 1431.390015, 1359.900024]
[2020-06-29, 1395.599976, 1347.010010, 1358.180054, 1394.969971]
[2020-06-30, 1418.650024, 1383.959961, 1390.439941, 1413.609985]
[2020-07-01, 1443.000000, 1409.819946, 1411.099976, 1438.040039]
[2020-07-02, 1482.949951, 1446.420044, 1446.939941, 1464.699951]
[2020-07-06, 1506.589966, 1472.859985, 1480.060059, 1495.699951]
[2020-07-07, 1516.800049, 1483.550049, 1490.000000, 1485.180054]
[2020-07-08, 1505.880005, 1485.630005, 1494.319946, 1496.000000]
[2020-07-09, 1522.719971, 1488.084961, 1506.449951, 1510.989990]
[2020-07-10, 1543.829956, 1496.540039, 1506.150024, 1541.739990]
[2020-07-13, 1577.131958, 1505.243042, 1550.000000, 1511.339966]
[2020-07-14, 1522.949951, 1483.500000, 1490.310059, 1520.579956]
[2020-07-15, 1535.329956, 1498.000000, 1523.130005, 1513.640015]
[2020-07-16, 1518.689941, 1486.310059, 1500.000000, 1518.000000]
[2020-07-17, 1523.439941, 1498.420044, 1521.619995, 1515.550049]
[2020-07-20, 1570.290039, 1503.599976, 1515.260010, 1565.719971]
[2020-07-21, 1586.989990, 1554.280029, 1586.989990, 1558.420044]
[2020-07-22, 1570.000000, 1546.099976, 1560.500000, 1568.489990]
[2020-07-23, 1571.869995, 1507.391968, 1566.969971, 1515.680054]
[2020-07-24, 1517.635986, 1488.400024, 1498.930054, 1511.869995]
[2020-07-27, 1540.969971, 1515.209961, 1515.599976, 1530.199951]
[2020-07-28, 1526.479980, 1497.660034, 1525.180054, 1500.339966]
[2020-07-29, 1531.251953, 1501.329956, 1506.319946, 1522.020020]
[2020-07-30, 1537.869995, 1492.219971, 1497.000000, 1531.449951]
[2020-07-31, 1508.949951, 1454.030029, 1505.010010, 1482.959961]
[2020-08-03, 1490.469971, 1465.640015, 1486.640015, 1474.449951]
[2020-08-04, 1485.560059, 1458.650024, 1476.569946, 1464.969971]
[2020-08-05, 1482.410034, 1463.459961, 1469.300049, 1473.609985]
[2020-08-06, 1502.390015, 1466.000000, 1471.750000, 1500.099976]
[2020-08-07, 1516.844971, 1481.640015, 1500.000000, 1494.489990]
[2020-08-10, 1504.074951, 1473.079956, 1487.180054, 1496.099976]
[2020-08-11, 1510.000000, 1478.000000, 1492.439941, 1480.319946]
[2020-08-12, 1512.385986, 1485.250000, 1485.579956, 1506.619995]
[2020-08-13, 1537.250000, 1508.005005, 1510.339966, 1518.449951]
[2020-08-14, 1521.900024, 1502.880005, 1515.660034, 1507.729980]
[2020-08-17, 1525.609985, 1507.969971, 1514.670044, 1517.979980]
[2020-08-18, 1562.469971, 1523.709961, 1526.180054, 1558.599976]
[2020-08-19, 1573.680054, 1543.949951, 1553.310059, 1547.530029]
[2020-08-20, 158